20
张三 2112120122 123 21 123 20 20 
李四 2112120123 123 43 80 90 111 
孔随身 2112120123 10 120 130 101 102 
张成忠 2112120127 123 33 90 91 50 
朱晨轩 2112120128 90 150 32 90 99 
孔榕号 2112120129 43 23 12 90 1 
华怡站 2112120130 10 20 90 90 101 
秦泽真 2112120131 90 30 80 20 101 
韩国自 2112120132 80 50 20 30 103 
张齐实 2112120133 60 70 50 20 104 
韩欣证 2112120134 50 90 70 80 106 
尤惠号 2112120135 90 120 110 30 70 
吴构翔 2112120136 110 20 120 40 80 
孔活和 2112120137 20 10 20 90 10 
郑鑫和 2112120138 10 50 80 20 10 
陈昊泽 2112120139 80 80 10 20 20 
许榕份 2112120140 10 60 70 50 40 
曹慧 2112120141 30 90 10 80 50 
朱林浩 2112120142 10 70 20 10 60 
陈亦建 2112120143 10 80 10 80 80 
